{
  "nbformat": 4,
  "nbformat_minor": 0,
  "metadata": {
    "colab": {
      "provenance": [],
      "gpuType": "T4"
    },
    "kernelspec": {
      "name": "python3",
      "display_name": "Python 3"
    },
    "language_info": {
      "name": "python"
    },
    "accelerator": "GPU"
  },
  "cells": [
    {
      "cell_type": "code",
      "execution_count": 1,
      "metadata": {
        "id": "wwDyvSg2PzXn"
      },
      "outputs": [],
      "source": [
        "import torch\n",
        "import torch.nn as nn\n",
        "import torch.optim as optim\n",
        "import matplotlib.pyplot as plt\n",
        "import matplotlib.animation as animation\n",
        "import numpy as np\n",
        "import random\n",
        "import torchvision.models as models\n",
        "from collections import deque\n"
      ]
    },
    {
      "cell_type": "code",
      "source": [
        "# Initialize global variables\n",
        "# drone_speed = 0.21\n",
        "# bus_speed = 0.75\n",
        "# global_time = 0\n",
        "# num_points = 4 # Example number of points\n",
        "# # Define the number of trips between each station\n",
        "# num_trips = num_points *3\n",
        "\n",
        "# # Define the time duration for each trip (in seconds)\n",
        "# trip_duration = 100"
      ],
      "metadata": {
        "id": "5wmSj-8jQ8IT"
      },
      "execution_count": 2,
      "outputs": []
    },
    {
      "cell_type": "markdown",
      "source": [
        "### Class to genrate the DATA"
      ],
      "metadata": {
        "id": "begbfOPYP7yz"
      }
    },
    {
      "cell_type": "code",
      "source": [
        "# class to genrate all data:\n",
        "class TransportationScheduler:\n",
        "    def __init__(self, num_points, drone_speed, bus_speed,trip_duration,seed=None):\n",
        "        self.num_points = num_points\n",
        "        self.trip_duration = trip_duration\n",
        "        self.num_trips = num_points\n",
        "        self.drone_speed = drone_speed\n",
        "        self.bus_speed = bus_speed\n",
        "         # Set the seed for reproducibility\n",
        "        if seed is not None:\n",
        "            np.random.seed(seed)\n",
        "            torch.manual_seed(seed)\n",
        "        self.coordinates = torch.rand(num_points, 4)  # Random coordinates\n",
        "        self.bus_coordinates = torch.tensor([[0.15, 0.85], [0.5, 0.5], [0.85, 0.15]])\n",
        "        self.bus_schedules = self.generate_bus_schedules()\n",
        "\n",
        "    def euclidean_distance(self, point1, point2):\n",
        "        return ((point1[0] - point2[0])**2 + (point1[1] - point2[1])**2).sqrt()\n",
        "\n",
        "    def get_bus_coordinates(self):\n",
        "        return self.bus_coordinates\n",
        "    def get_bus_schedules(self):\n",
        "        return self.bus_schedules\n",
        "\n",
        "    def generate_bus_schedules(self):\n",
        "        bus_schedules = []\n",
        "        for bus_id, start_station in enumerate(self.bus_coordinates, 1):\n",
        "            departures = np.arange(0, self.num_trips * self.trip_duration, 20)  # Departure times with 20 seconds interval\n",
        "            destinations = []\n",
        "\n",
        "            # Ensure that each destination is different from the start station\n",
        "            for _ in range(self.num_trips):\n",
        "                dest = torch.randint(1, len(self.bus_coordinates) + 1, (1,)).item()\n",
        "                while dest == bus_id:  # Avoid trips to the same station\n",
        "                    dest = torch.randint(1, len(self.bus_coordinates) + 1, (1,)).item()\n",
        "                destinations.append(dest)\n",
        "\n",
        "            arrival_times = []\n",
        "            for i, dest in enumerate(destinations):\n",
        "                dest_station = self.bus_coordinates[dest - 1]  # Coordinates of the destination station\n",
        "                distance = self.euclidean_distance(start_station, dest_station)\n",
        "                travel_time = distance / self.bus_speed  # Assuming constant speed\n",
        "                arrival_times.append(departures[i] + travel_time.item())  # Arrival time = Departure time + Travel time\n",
        "\n",
        "            # Combine departure times, destinations, and arrival times for the current bus\n",
        "            bus_schedule = list(zip(departures.tolist(), destinations, arrival_times))\n",
        "            bus_schedules.append(bus_schedule)\n",
        "        return bus_schedules\n",
        "\n",
        "\n",
        "\n",
        "    def closest_bus_station(self, point):\n",
        "        min_distance = float('inf')\n",
        "        closest_station = None\n",
        "        for i, station in enumerate(self.bus_coordinates):\n",
        "            distance = self.euclidean_distance(point, station)\n",
        "            if distance < min_distance:\n",
        "                min_distance = distance\n",
        "                closest_station = i + 1\n",
        "        return closest_station\n",
        "\n",
        "    def calculate_distance(self, point1, point2):\n",
        "        closest_station_point1 = self.closest_bus_station(point1)\n",
        "        closest_station_point2 = self.closest_bus_station(point2)\n",
        "\n",
        "        distance_point1_to_station = self.euclidean_distance(point1, self.bus_coordinates[closest_station_point1 - 1])\n",
        "        distance_stations = self.euclidean_distance(self.bus_coordinates[closest_station_point1 - 1], self.bus_coordinates[closest_station_point2 - 1])\n",
        "        distance_station_to_point2 = self.euclidean_distance(self.bus_coordinates[closest_station_point2 - 1], point2)\n",
        "\n",
        "        total_distance = distance_point1_to_station + distance_stations + distance_station_to_point2\n",
        "        return total_distance\n",
        "\n",
        "    def calculate_optimal_order(self, root_point):\n",
        "        distances_to_root = [(i, self.calculate_distance(root_point, point)) for i, point in enumerate(self.coordinates)]\n",
        "        optimal_order = sorted(distances_to_root, key=lambda x: x[1])\n",
        "        optimal_indices = [point[0] for point in optimal_order]\n",
        "        self.coordinates = self.coordinates[optimal_indices]\n",
        "        return self.coordinates\n",
        "\n",
        "    def find_next_trip(self, global_time, bus_schedule, start_station, end_station):\n",
        "        for departure, destination, arrival in bus_schedule[start_station - 1]:\n",
        "            if destination == end_station and departure >= global_time:\n",
        "                waiting_time = departure - global_time\n",
        "                travel_time = arrival - departure\n",
        "                return waiting_time, travel_time\n",
        "        return float('inf'), float('inf')  # If no valid trip is found\n",
        "\n",
        "    def calculate_times(self, root_point):\n",
        "        global_time = 0\n",
        "        root_index = 0  # Assuming root_point is always the first point\n",
        "\n",
        "        # Set the root point's ti and tf to zero\n",
        "        self.coordinates[root_index, 2] = 0\n",
        "        self.coordinates[root_index, 3] = 0\n",
        "\n",
        "        # Iterate through each point (excluding the root point)\n",
        "        for i, point in enumerate(self.coordinates[1:], start=1):\n",
        "            local_time = 0\n",
        "            distance = self.euclidean_distance(root_point, point)\n",
        "\n",
        "            # Closest bus stations\n",
        "            closest_station_root = self.closest_bus_station(root_point)\n",
        "            closest_station_point = self.closest_bus_station(point)\n",
        "\n",
        "            if closest_station_root == closest_station_point:\n",
        "                # If both points share the same closest bus station, go directly to the point\n",
        "                travel_time = (distance / self.drone_speed)*2\n",
        "                local_time += travel_time +5\n",
        "                global_time += local_time\n",
        "\n",
        "            else:\n",
        "                # From root to closest bus station\n",
        "                distance_root_to_station = self.euclidean_distance(root_point, self.bus_coordinates[closest_station_root - 1])\n",
        "                time_root_to_station = distance_root_to_station / self.drone_speed\n",
        "                local_time += time_root_to_station+5\n",
        "                global_time += local_time\n",
        "\n",
        "                # Find the next trip\n",
        "                bus_schedule = self.bus_schedules[closest_station_root - 1]\n",
        "                next_trip = next((trip for trip in bus_schedule if trip[1] == closest_station_point and trip[0] >= global_time), None)\n",
        "\n",
        "                if next_trip:\n",
        "                    waiting_time = next_trip[0] - global_time\n",
        "                    travel_time = next_trip[2] - next_trip[0]\n",
        "                    local_time += waiting_time + travel_time+5\n",
        "                    global_time += local_time\n",
        "\n",
        "                # From closest bus station to delivery point\n",
        "                distance_station_to_point = self.euclidean_distance(self.bus_coordinates[closest_station_point - 1], point)\n",
        "                time_station_to_point = distance_station_to_point / self.drone_speed\n",
        "                local_time += time_station_to_point+5\n",
        "                global_time += local_time\n",
        "\n",
        "            # Update ti and tf\n",
        "            self.coordinates[i, 2] = max(global_time - local_time, 0)\n",
        "            self.coordinates[i, 3] = global_time + (distance / self.drone_speed)\n",
        "\n",
        "        # Sort points by ti (excluding the root point)\n",
        "        self.coordinates[1:] = self.coordinates[1:][self.coordinates[1:, 2].argsort()]\n",
        "\n",
        "        return self.coordinates\n",
        "\n",
        "\n",
        "    def get_optimal_order(self):\n",
        "\n",
        "\n",
        "        return self.coordinates\n",
        "\n",
        "    def get_shuffled_coordinates(self):\n",
        "        root_point = self.coordinates[0]\n",
        "        remaining_points = self.coordinates[1:]  # Exclude the root point\n",
        "        shuffled_indices = np.random.permutation(len(remaining_points))\n",
        "        shuffled_remaining_points = remaining_points[shuffled_indices]\n",
        "\n",
        "        # Combine the root point with the shuffled remaining points\n",
        "        shuffled_coordinates = torch.cat((root_point.unsqueeze(0), shuffled_remaining_points), dim=0)\n",
        "        return shuffled_coordinates\n"
      ],
      "metadata": {
        "id": "wdDWE2c5QBzE"
      },
      "execution_count": 3,
      "outputs": []
    },
    {
      "cell_type": "markdown",
      "source": [
        "## Test The Class"
      ],
      "metadata": {
        "id": "r_eYnWg4Oa4x"
      }
    },
    {
      "cell_type": "code",
      "source": [
        "# Example usage of the Class:\n",
        "scheduler = TransportationScheduler(40,0.045,1.25,100)\n",
        "root_point = scheduler.coordinates[0]\n",
        "optimal_coordinates = scheduler.calculate_optimal_order(root_point)\n",
        "updated_coordinates = scheduler.calculate_times(root_point)\n",
        "poits= scheduler.get_optimal_order()\n",
        "shuffled_coordinates = scheduler.get_shuffled_coordinates()\n",
        "\n",
        "\n",
        "print(\"Updated Coordinates with Time Bounds:\")\n",
        "print(updated_coordinates)\n",
        "print(\"Updated Coordinates with Time Bounds using get_optimal_order :\")\n",
        "print(updated_coordinates)\n",
        "print(\"Shuffled Coordinates:\")\n",
        "print(shuffled_coordinates)"
      ],
      "metadata": {
        "colab": {
          "base_uri": "https://localhost:8080/"
        },
        "id": "4q1m-3hrQWKV",
        "outputId": "ded48aa0-c799-4e50-8c55-1e25499e6d5a"
      },
      "execution_count": 15,
      "outputs": [
        {
          "output_type": "stream",
          "name": "stdout",
          "text": [
            "Updated Coordinates with Time Bounds:\n",
            "tensor([[9.7675e-01, 1.9183e-01, 0.0000e+00, 0.0000e+00],\n",
            "        [7.2101e-01, 2.5100e-01, 0.0000e+00, 1.7942e+01],\n",
            "        [9.0658e-01, 3.0803e-01, 1.3628e+01, 1.8628e+01],\n",
            "        [9.6439e-01, 2.5334e-02, 1.8628e+01, 4.2865e+01],\n",
            "        [9.6508e-01, 3.0286e-01, 3.6453e+01, 4.5368e+01],\n",
            "        [9.3170e-01, 3.3907e-01, 4.4063e+01, 5.1725e+01],\n",
            "        [8.1432e-01, 3.6414e-01, 5.0837e+01, 6.3036e+01],\n",
            "        [6.2792e-01, 6.8535e-02, 6.0636e+01, 9.0132e+01],\n",
            "        [8.9997e-01, 4.8093e-01, 8.1967e+01, 9.8502e+01],\n",
            "        [4.5679e-01, 7.5491e-02, 9.4657e+01, 1.3341e+02],\n",
            "        [4.4046e-01, 3.7149e-02, 1.2216e+02, 1.6310e+02],\n",
            "        [5.1794e-01, 4.7945e-01, 2.5413e+02, 3.6345e+02],\n",
            "        [4.7799e-01, 5.5464e-01, 4.1413e+02, 4.8281e+02],\n",
            "        [4.2185e-01, 4.6193e-01, 5.3413e+02, 6.0593e+02],\n",
            "        [6.1915e-01, 5.5833e-01, 6.3413e+02, 6.8131e+02],\n",
            "        [4.4600e-01, 6.3130e-01, 7.1413e+02, 7.6734e+02],\n",
            "        [5.6422e-01, 3.4929e-01, 7.9413e+02, 8.4099e+02],\n",
            "        [6.3987e-01, 3.9903e-01, 8.4206e+02, 8.6588e+02],\n",
            "        [3.4503e-01, 4.1678e-01, 8.6835e+02, 8.9870e+02],\n",
            "        [4.0516e-01, 3.4138e-01, 8.9472e+02, 9.2372e+02],\n",
            "        [3.0255e-01, 4.9775e-01, 9.2129e+02, 9.5347e+02],\n",
            "        [2.8816e-01, 5.5689e-01, 9.4814e+02, 9.8155e+02],\n",
            "        [5.9941e-01, 7.0339e-01, 9.7547e+02, 1.0054e+03],\n",
            "        [7.2488e-01, 5.2855e-01, 1.0030e+03, 1.0281e+03],\n",
            "        [6.0604e-01, 7.2950e-01, 1.0305e+03, 1.0613e+03],\n",
            "        [7.3219e-01, 7.0889e-01, 1.0585e+03, 1.0889e+03],\n",
            "        [4.5961e-01, 1.6468e-01, 1.0879e+03, 1.1196e+03],\n",
            "        [5.7069e-01, 8.6722e-01, 1.1179e+03, 1.1544e+03],\n",
            "        [1.5561e-01, 3.4283e-01, 1.1487e+03, 1.1875e+03],\n",
            "        [8.5226e-01, 6.4611e-01, 1.1795e+03, 1.2094e+03],\n",
            "        [8.8144e-01, 7.0251e-01, 1.2105e+03, 1.2426e+03],\n",
            "        [7.5171e-01, 9.0822e-01, 1.2425e+03, 1.2807e+03],\n",
            "        [1.0652e-01, 2.2471e-01, 1.2757e+03, 1.3179e+03],\n",
            "        [2.3509e-01, 1.3423e-04, 1.3088e+03, 1.3515e+03],\n",
            "        [8.8591e-01, 9.3103e-01, 1.3438e+03, 1.3843e+03],\n",
            "        [7.1972e-02, 8.8118e-01, 1.3791e+03, 1.4172e+03],\n",
            "        [8.1941e-02, 9.0991e-01, 1.4035e+03, 1.4419e+03],\n",
            "        [1.9322e-01, 6.3387e-01, 1.4279e+03, 1.4640e+03],\n",
            "        [1.8593e-02, 4.9168e-01, 1.4553e+03, 1.4977e+03],\n",
            "        [5.5728e-01, 9.6435e-01, 1.4862e+03, 1.5259e+03]])\n",
            "Updated Coordinates with Time Bounds using get_optimal_order :\n",
            "tensor([[9.7675e-01, 1.9183e-01, 0.0000e+00, 0.0000e+00],\n",
            "        [7.2101e-01, 2.5100e-01, 0.0000e+00, 1.7942e+01],\n",
            "        [9.0658e-01, 3.0803e-01, 1.3628e+01, 1.8628e+01],\n",
            "        [9.6439e-01, 2.5334e-02, 1.8628e+01, 4.2865e+01],\n",
            "        [9.6508e-01, 3.0286e-01, 3.6453e+01, 4.5368e+01],\n",
            "        [9.3170e-01, 3.3907e-01, 4.4063e+01, 5.1725e+01],\n",
            "        [8.1432e-01, 3.6414e-01, 5.0837e+01, 6.3036e+01],\n",
            "        [6.2792e-01, 6.8535e-02, 6.0636e+01, 9.0132e+01],\n",
            "        [8.9997e-01, 4.8093e-01, 8.1967e+01, 9.8502e+01],\n",
            "        [4.5679e-01, 7.5491e-02, 9.4657e+01, 1.3341e+02],\n",
            "        [4.4046e-01, 3.7149e-02, 1.2216e+02, 1.6310e+02],\n",
            "        [5.1794e-01, 4.7945e-01, 2.5413e+02, 3.6345e+02],\n",
            "        [4.7799e-01, 5.5464e-01, 4.1413e+02, 4.8281e+02],\n",
            "        [4.2185e-01, 4.6193e-01, 5.3413e+02, 6.0593e+02],\n",
            "        [6.1915e-01, 5.5833e-01, 6.3413e+02, 6.8131e+02],\n",
            "        [4.4600e-01, 6.3130e-01, 7.1413e+02, 7.6734e+02],\n",
            "        [5.6422e-01, 3.4929e-01, 7.9413e+02, 8.4099e+02],\n",
            "        [6.3987e-01, 3.9903e-01, 8.4206e+02, 8.6588e+02],\n",
            "        [3.4503e-01, 4.1678e-01, 8.6835e+02, 8.9870e+02],\n",
            "        [4.0516e-01, 3.4138e-01, 8.9472e+02, 9.2372e+02],\n",
            "        [3.0255e-01, 4.9775e-01, 9.2129e+02, 9.5347e+02],\n",
            "        [2.8816e-01, 5.5689e-01, 9.4814e+02, 9.8155e+02],\n",
            "        [5.9941e-01, 7.0339e-01, 9.7547e+02, 1.0054e+03],\n",
            "        [7.2488e-01, 5.2855e-01, 1.0030e+03, 1.0281e+03],\n",
            "        [6.0604e-01, 7.2950e-01, 1.0305e+03, 1.0613e+03],\n",
            "        [7.3219e-01, 7.0889e-01, 1.0585e+03, 1.0889e+03],\n",
            "        [4.5961e-01, 1.6468e-01, 1.0879e+03, 1.1196e+03],\n",
            "        [5.7069e-01, 8.6722e-01, 1.1179e+03, 1.1544e+03],\n",
            "        [1.5561e-01, 3.4283e-01, 1.1487e+03, 1.1875e+03],\n",
            "        [8.5226e-01, 6.4611e-01, 1.1795e+03, 1.2094e+03],\n",
            "        [8.8144e-01, 7.0251e-01, 1.2105e+03, 1.2426e+03],\n",
            "        [7.5171e-01, 9.0822e-01, 1.2425e+03, 1.2807e+03],\n",
            "        [1.0652e-01, 2.2471e-01, 1.2757e+03, 1.3179e+03],\n",
            "        [2.3509e-01, 1.3423e-04, 1.3088e+03, 1.3515e+03],\n",
            "        [8.8591e-01, 9.3103e-01, 1.3438e+03, 1.3843e+03],\n",
            "        [7.1972e-02, 8.8118e-01, 1.3791e+03, 1.4172e+03],\n",
            "        [8.1941e-02, 9.0991e-01, 1.4035e+03, 1.4419e+03],\n",
            "        [1.9322e-01, 6.3387e-01, 1.4279e+03, 1.4640e+03],\n",
            "        [1.8593e-02, 4.9168e-01, 1.4553e+03, 1.4977e+03],\n",
            "        [5.5728e-01, 9.6435e-01, 1.4862e+03, 1.5259e+03]])\n",
            "Shuffled Coordinates:\n",
            "tensor([[9.7675e-01, 1.9183e-01, 0.0000e+00, 0.0000e+00],\n",
            "        [1.8593e-02, 4.9168e-01, 1.4553e+03, 1.4977e+03],\n",
            "        [5.9941e-01, 7.0339e-01, 9.7547e+02, 1.0054e+03],\n",
            "        [9.6508e-01, 3.0286e-01, 3.6453e+01, 4.5368e+01],\n",
            "        [5.1794e-01, 4.7945e-01, 2.5413e+02, 3.6345e+02],\n",
            "        [4.5679e-01, 7.5491e-02, 9.4657e+01, 1.3341e+02],\n",
            "        [7.2101e-01, 2.5100e-01, 0.0000e+00, 1.7942e+01],\n",
            "        [8.9997e-01, 4.8093e-01, 8.1967e+01, 9.8502e+01],\n",
            "        [5.7069e-01, 8.6722e-01, 1.1179e+03, 1.1544e+03],\n",
            "        [7.5171e-01, 9.0822e-01, 1.2425e+03, 1.2807e+03],\n",
            "        [7.2488e-01, 5.2855e-01, 1.0030e+03, 1.0281e+03],\n",
            "        [5.6422e-01, 3.4929e-01, 7.9413e+02, 8.4099e+02],\n",
            "        [4.0516e-01, 3.4138e-01, 8.9472e+02, 9.2372e+02],\n",
            "        [1.5561e-01, 3.4283e-01, 1.1487e+03, 1.1875e+03],\n",
            "        [6.2792e-01, 6.8535e-02, 6.0636e+01, 9.0132e+01],\n",
            "        [8.1941e-02, 9.0991e-01, 1.4035e+03, 1.4419e+03],\n",
            "        [1.0652e-01, 2.2471e-01, 1.2757e+03, 1.3179e+03],\n",
            "        [6.1915e-01, 5.5833e-01, 6.3413e+02, 6.8131e+02],\n",
            "        [4.4046e-01, 3.7149e-02, 1.2216e+02, 1.6310e+02],\n",
            "        [3.0255e-01, 4.9775e-01, 9.2129e+02, 9.5347e+02],\n",
            "        [7.1972e-02, 8.8118e-01, 1.3791e+03, 1.4172e+03],\n",
            "        [9.6439e-01, 2.5334e-02, 1.8628e+01, 4.2865e+01],\n",
            "        [8.8591e-01, 9.3103e-01, 1.3438e+03, 1.3843e+03],\n",
            "        [2.3509e-01, 1.3423e-04, 1.3088e+03, 1.3515e+03],\n",
            "        [8.1432e-01, 3.6414e-01, 5.0837e+01, 6.3036e+01],\n",
            "        [5.5728e-01, 9.6435e-01, 1.4862e+03, 1.5259e+03],\n",
            "        [4.7799e-01, 5.5464e-01, 4.1413e+02, 4.8281e+02],\n",
            "        [6.3987e-01, 3.9903e-01, 8.4206e+02, 8.6588e+02],\n",
            "        [4.2185e-01, 4.6193e-01, 5.3413e+02, 6.0593e+02],\n",
            "        [6.0604e-01, 7.2950e-01, 1.0305e+03, 1.0613e+03],\n",
            "        [9.3170e-01, 3.3907e-01, 4.4063e+01, 5.1725e+01],\n",
            "        [3.4503e-01, 4.1678e-01, 8.6835e+02, 8.9870e+02],\n",
            "        [8.5226e-01, 6.4611e-01, 1.1795e+03, 1.2094e+03],\n",
            "        [2.8816e-01, 5.5689e-01, 9.4814e+02, 9.8155e+02],\n",
            "        [8.8144e-01, 7.0251e-01, 1.2105e+03, 1.2426e+03],\n",
            "        [4.5961e-01, 1.6468e-01, 1.0879e+03, 1.1196e+03],\n",
            "        [7.3219e-01, 7.0889e-01, 1.0585e+03, 1.0889e+03],\n",
            "        [4.4600e-01, 6.3130e-01, 7.1413e+02, 7.6734e+02],\n",
            "        [1.9322e-01, 6.3387e-01, 1.4279e+03, 1.4640e+03],\n",
            "        [9.0658e-01, 3.0803e-01, 1.3628e+01, 1.8628e+01]])\n"
          ]
        }
      ]
    },
    {
      "cell_type": "markdown",
      "source": [
        "## Visualizing The Process\n"
      ],
      "metadata": {
        "id": "aa89xMVoOjZE"
      }
    },
    {
      "cell_type": "code",
      "source": [
        "import matplotlib.image as mpimg\n",
        "from matplotlib.offsetbox import OffsetImage, AnnotationBbox\n",
        "\n",
        "# 1. Plot Points, Root, and Bus Stations with Optimal Order and Rank\n",
        "def plot_points_and_order(scheduler):\n",
        "    optimal_coordinates = scheduler.calculate_optimal_order(scheduler.coordinates[0])\n",
        "\n",
        "    plt.figure(figsize=(10, 8))\n",
        "    plt.scatter(optimal_coordinates[:, 0], optimal_coordinates[:, 1], c='green', s=100, marker='o')\n",
        "\n",
        "    # Plot the order with distinguishable labels\n",
        "    for idx, point in enumerate(optimal_coordinates):\n",
        "        plt.text(point[0], point[1], f'{idx}', fontsize=12, ha='right' if idx == 0 else 'left', color='red' if idx == 0 else 'blue')\n",
        "\n",
        "    plt.plot(optimal_coordinates[:, 0], optimal_coordinates[:, 1], c='orange', linestyle='--', label='Optimal Order')\n",
        "\n",
        "    plt.title('Optimal Order of Points with Ranks')\n",
        "    plt.xlabel('X Coordinate')\n",
        "    plt.ylabel('Y Coordinate')\n",
        "    plt.legend()\n",
        "    plt.show()\n",
        "\n",
        "# 2. Plot Route for Each Point Individually and Combined\n",
        "def plot_routes_individual(scheduler, point_idx):\n",
        "    root_point = scheduler.coordinates[0, :2]\n",
        "    point = scheduler.coordinates[point_idx, :2]\n",
        "    bus_coordinates = scheduler.bus_coordinates\n",
        "\n",
        "    # Function to plot the path between points\n",
        "    def plot_path(start, end, color='k', linestyle='-', label=None):\n",
        "        plt.plot([start[0], end[0]], [start[1], end[1]], color=color, linestyle=linestyle, label=label)\n",
        "\n",
        "    plt.figure(figsize=(10, 8))\n",
        "\n",
        "    # Plot the bus stations\n",
        "    for i, bus_station in enumerate(bus_coordinates):\n",
        "        plt.plot(bus_station[0], bus_station[1], 'gs')  # Plot bus stations in green squares\n",
        "        plt.annotate(f'Bus {i+1}', (bus_station[0], bus_station[1]), textcoords=\"offset points\", xytext=(0,10), ha='center')\n",
        "\n",
        "    # Plot the root point\n",
        "    plt.plot(root_point[0], root_point[1], 'bo', label='Root')  # Plot root point in blue\n",
        "    plt.annotate('Root', (root_point[0], root_point[1]), textcoords=\"offset points\", xytext=(0,10), ha='center')\n",
        "\n",
        "    # Plot the point and its route\n",
        "    closest_station_root = bus_coordinates[scheduler.closest_bus_station(root_point) - 1]\n",
        "    closest_station_point = bus_coordinates[scheduler.closest_bus_station(point) - 1]\n",
        "\n",
        "    plt.plot(point[0], point[1], 'ro')  # Plot delivery point in red\n",
        "    plt.annotate(f'{point_idx}', (point[0], point[1]), textcoords=\"offset points\", xytext=(0,10), ha='center')\n",
        "\n",
        "    # Plot the path from root to its closest bus station\n",
        "    plot_path(root_point, closest_station_root, color='b', linestyle='--')\n",
        "\n",
        "    # Plot the path from the closest bus station to the closest bus station to the point\n",
        "    plot_path(closest_station_root, closest_station_point, color='g', linestyle='--')\n",
        "\n",
        "    # Plot the path from the closest bus station to the point\n",
        "    plot_path(closest_station_point, point, color='r', linestyle='--')\n",
        "\n",
        "    plt.title(f\"Route from Root to Point {point_idx}\")\n",
        "    plt.xlabel(\"X-coordinate\")\n",
        "    plt.ylabel(\"Y-coordinate\")\n",
        "    plt.xlim(0, 1)\n",
        "    plt.ylim(0, 1)\n",
        "    plt.grid(True)\n",
        "    plt.legend()\n",
        "    plt.show()\n",
        "\n",
        "\n",
        "\n",
        "def plot_routes_combined(scheduler):\n",
        "    root_point = scheduler.coordinates[0, :2]\n",
        "    coordinates = scheduler.coordinates[:, :2]\n",
        "    bus_coordinates = scheduler.bus_coordinates\n",
        "    optimal_order_indices = range(len(scheduler.coordinates))\n",
        "\n",
        "    # Function to plot the path between points\n",
        "    def plot_path(start, end, color='k', linestyle='-', label=None):\n",
        "        plt.plot([start[0], end[0]], [start[1], end[1]], color=color, linestyle=linestyle, label=label)\n",
        "\n",
        "    plt.figure(figsize=(10, 8))\n",
        "\n",
        "    # Plot the bus stations\n",
        "    for i, bus_station in enumerate(bus_coordinates):\n",
        "        plt.plot(bus_station[0], bus_station[1], 'gs')  # Plot bus stations in green squares\n",
        "        plt.annotate(f'Bus {i+1}', (bus_station[0], bus_station[1]), textcoords=\"offset points\", xytext=(0,10), ha='center')\n",
        "\n",
        "    # Plot the root point\n",
        "    plt.plot(root_point[0], root_point[1], 'bo', label='Root')  # Plot root point in blue\n",
        "    plt.annotate('Root', (root_point[0], root_point[1]), textcoords=\"offset points\", xytext=(0,10), ha='center')\n",
        "\n",
        "    # Plot the points and their routes\n",
        "    for idx in optimal_order_indices:\n",
        "        point = coordinates[idx]\n",
        "        closest_station_root = bus_coordinates[scheduler.closest_bus_station(root_point) - 1]\n",
        "        closest_station_point = bus_coordinates[scheduler.closest_bus_station(point) - 1]\n",
        "\n",
        "        plt.plot(point[0], point[1], 'ro')  # Plot delivery point in red\n",
        "        plt.annotate(f'{idx}', (point[0], point[1]), textcoords=\"offset points\", xytext=(0,10), ha='center')\n",
        "\n",
        "        # Plot the path from root to its closest bus station\n",
        "        plot_path(root_point, closest_station_root, color='b', linestyle='--')\n",
        "\n",
        "        # Plot the path from the closest bus station to the closest bus station to the point\n",
        "        plot_path(closest_station_root, closest_station_point, color='g', linestyle='--')\n",
        "\n",
        "        # Plot the path from the closest bus station to the point\n",
        "        plot_path(closest_station_point, point, color='r', linestyle='--')\n",
        "\n",
        "    plt.title(\"Optimal Delivery Route with Bus Stations\")\n",
        "    plt.xlabel(\"X-coordinate\")\n",
        "    plt.ylabel(\"Y-coordinate\")\n",
        "    plt.xlim(0, 1)\n",
        "    plt.ylim(0, 1)\n",
        "    plt.grid(True)\n",
        "    plt.legend()\n",
        "    plt.show()\n",
        "\n",
        "# 3. Modify the Time Windows (ti, tf) Plot\n",
        "def plot_time_windows(scheduler):\n",
        "    coordinates = scheduler.get_optimal_order()\n",
        "\n",
        "    plt.figure(figsize=(10, 8))\n",
        "    ti = coordinates[:, 2].numpy()\n",
        "    tf = coordinates[:, 3].numpy()\n",
        "    indices = np.arange(len(ti))\n",
        "\n",
        "    plt.plot(indices, ti, 'ro-', label='ti (start time)')\n",
        "    plt.plot(indices, tf, 'go-', label='tf (end time)')\n",
        "\n",
        "    plt.xticks(indices, [f'Point {i}' for i in indices])\n",
        "    plt.xlabel('Points')\n",
        "    plt.ylabel('Time')\n",
        "    plt.title('Time Windows for Each Point')\n",
        "    plt.legend()\n",
        "    plt.show()\n",
        "\n",
        "# 4. Modify the Drone and Bus Distance Plot\n",
        "def plot_drone_and_bus_distance(scheduler):\n",
        "    drone_distances = []\n",
        "    bus_distances = []\n",
        "\n",
        "    for point in scheduler.coordinates[1:]:\n",
        "        closest_station_root = scheduler.closest_bus_station(scheduler.coordinates[0])\n",
        "        closest_station_point = scheduler.closest_bus_station(point)\n",
        "\n",
        "        if closest_station_root == closest_station_point:\n",
        "            # Direct distance by drone\n",
        "            drone_distance = scheduler.euclidean_distance(scheduler.coordinates[0], point).item()\n",
        "            bus_distance = 0\n",
        "        else:\n",
        "            # Distance by drone to station\n",
        "            drone_distance = scheduler.euclidean_distance(scheduler.coordinates[0], scheduler.bus_coordinates[closest_station_root - 1]).item()\n",
        "            # Distance by bus between stations\n",
        "            bus_distance = scheduler.euclidean_distance(scheduler.bus_coordinates[closest_station_root - 1], scheduler.bus_coordinates[closest_station_point - 1]).item()\n",
        "            # Distance by drone from station to point\n",
        "            drone_distance += scheduler.euclidean_distance(scheduler.bus_coordinates[closest_station_point - 1], point).item()\n",
        "\n",
        "        drone_distances.append(drone_distance)\n",
        "        bus_distances.append(bus_distance)\n",
        "\n",
        "    plt.figure(figsize=(10, 8))\n",
        "    indices = np.arange(len(drone_distances))\n",
        "\n",
        "    plt.plot(indices, drone_distances, 'bo-', label='Drone Distance')\n",
        "    plt.plot(indices, bus_distances, 'go-', label='Bus Distance')\n",
        "\n",
        "    plt.xticks(indices, [f'Point {i+1}' for i in indices])\n",
        "    plt.xlabel('Points')\n",
        "    plt.ylabel('Distance')\n",
        "    plt.title('Distance Traveled by Drone and Bus for Each Point')\n",
        "    plt.legend()\n",
        "    plt.show()\n",
        "\n",
        "# 5. Pie Chart Showing Time Contribution of Each Point\n",
        "def plot_time_contribution_pie(scheduler):\n",
        "    coordinates = scheduler.get_optimal_order()\n",
        "    tf = coordinates[:, 3].numpy()\n",
        "\n",
        "    plt.figure(figsize=(8, 8))\n",
        "    plt.pie(tf, labels=[f'Point {i}' for i in range(len(tf))], autopct='%1.1f%%', startangle=140)\n",
        "    plt.title('Time Contribution of Each Point')\n",
        "    plt.show()\n",
        "\n",
        "# 6. Plot Points, Root, and Bus Stations\n",
        "\n",
        "\n",
        "def plot_points_and_stations(scheduler):\n",
        "    fig, ax = plt.subplots(figsize=(10, 8))\n",
        "\n",
        "    # Load images for the root, bus stations, and other points\n",
        "    bus_img = mpimg.imread('/content/Bus_stations.jpg')\n",
        "    root_img = mpimg.imread('/content/Warehouse.png')\n",
        "    point_img = mpimg.imread('/content/house.png')\n",
        "\n",
        "    # Function to place images on the plot\n",
        "    def place_image(img, x, y, zoom=0.1):\n",
        "        imagebox = OffsetImage(img, zoom=zoom)\n",
        "        ab = AnnotationBbox(imagebox, (x, y), frameon=False)\n",
        "        ax.add_artist(ab)\n",
        "\n",
        "    # Plot bus stations with images and names\n",
        "    bus_coordinates = scheduler.get_bus_coordinates()\n",
        "    for idx, (x, y) in enumerate(bus_coordinates[:, :2]):\n",
        "        place_image(bus_img, x, y, zoom=0.095)\n",
        "        ax.text(x, y + 0.05, f'Bus Station {idx + 1}', ha='center', va='bottom', fontsize=10, weight='bold')\n",
        "\n",
        "    # Plot root point with image and name\n",
        "    root_x, root_y = scheduler.coordinates[0, :2]\n",
        "    place_image(root_img, root_x, root_y, zoom=0.0095)\n",
        "    ax.text(root_x, root_y + 0.05, 'Depot', ha='center', va='bottom', fontsize=10, weight='bold')\n",
        "\n",
        "    # Plot other points with images and names\n",
        "    for idx, coord in enumerate(scheduler.coordinates[1:]):\n",
        "        x, y = coord[:2]\n",
        "        place_image(point_img, x, y, zoom=0.095)\n",
        "        ax.text(x, y + 0.05, f'Drop Off {idx + 1}', ha='center', va='bottom', fontsize=10, weight='bold')\n",
        "\n",
        "    plt.title('Points, Depot, and Bus Stations')\n",
        "    plt.xlabel('X Coordinate')\n",
        "    plt.ylabel('Y Coordinate')\n",
        "    plt.show()\n"
      ],
      "metadata": {
        "id": "_ANMhW3TOvaC"
      },
      "execution_count": 17,
      "outputs": []
    },
    {
      "cell_type": "markdown",
      "source": [
        "## The Problem space\n",
        "We will plot the points (delivery points), root (starting point), and bus stations with different shapes and colors to distinguish them."
      ],
      "metadata": {
        "id": "Y-fS1Wm_RjT1"
      }
    },
    {
      "cell_type": "code",
      "source": [
        "# Calling the functions to plot the data\n",
        "plot_points_and_stations(scheduler)\n"
      ],
      "metadata": {
        "id": "74qkF8LzRCjH",
        "colab": {
          "base_uri": "https://localhost:8080/",
          "height": 719
        },
        "outputId": "cfa36eec-9eba-4553-f7cb-e7fa9e991577"
      },
      "execution_count": 18,
      "outputs": [
        {
          "output_type": "display_data",
          "data": {
            "text/plain": [
              "<Figure size 1000x800 with 1 Axes>"
            ],
